function [] = FROGSthrust
% FROGS
% ver1.2 (171107created)
%
% Thrust data
%
% !!!EXAMPLE!!!
% thrust=[value_1st
%         value_2nd
%         ...
%         value_nth];
% !!!DO NOT FORGET "[];"!!! 
% K240_170211
%%%%%%%%%%%%%%%%%%%%%%%%%%%%%%%%%%%%%%%%%%%%%%%%%%%%%%%%%%%%
global thrust

thrust=[
158.4896959
279.683863
277
278.3893365
256.6518329
305.732958
294.4452007
257.1611621
265.4466761
242.5057468
255.6509277
279.6680623
274.0665365
281.2252862
281.6300979
280.2231156
288.8625424
282.1209373
279.0881923
290.1493881
285.7831857
285.1623888
291.4462625
289.6799281
292.453098
293.4090534
290.0367116
298.3147844
297.0022531
294.5760647
293.0894762
296.3354678
298.8825671
295.219582
291.9731372
297.7072457
293.7940911
296.0916629
297.6710593
300.4235485
309.7512534
304.9582556
311.5636896
309.5645422
310.1633742
308.4252751
311.5169456
311.6067695
311.540497
310.6675474
306.6047178
309.8288389
311.4067244
308.8938474
307.1341988
304.9318524
304.4223721
310.3566768
310.3439285
314.1327727
318.2564921
312.6282986
314.5727131
316.385017
318.3613874
314.9771282
319.2139585
319.4772731
315.3199736
321.1252273
334.6442273
333.6960342
329.0880856
331.9550265
332.1518609
324.5616697
323.3848374
326.9531448
327.1826904
336.5395371
340.5426101
332.6355801
331.5147272
330.2077297
330.5833808
328.3462078
318.2061409
326.2592763
324.5394026
327.5480862
337.3000369
335.1627731
330.1940182
342.5204157
361.0913465
298.0019307
322.7271364
352.5945312
331.0728792
339.5004569
343.0431732
329.4982044
350.9300324
330.7869954
290.0041892
323.2769959
366.6432955
330.6777563
336.6219197
356.4406013
324.463158
362.8644611
333.8493164
297.7569926
362.9708672
352.1010855
281.831786
331.359103
319.9881888
322.7835691
367.0443866
305.1262881
257.1100554
337.1506264
329.623818
292.816114
319.4330411
327.0881072
358.9816758
308.6300039
304.3479973
338.2809791
339.494791
291.4675286
307.0329298
339.9565831
310.2227531
333.7716554
325.34353
252.3448962
319.0736701
324.5462017
314.2566487
328.6727919
314.120081
354.4840428
316.2333024
273.8901184
358.0437757
340.8580512
302.9155561
316.4712147
370.2913414
271.5559635
287.1199105
347.967054
290.8293562
313.2158743
350.1700237
317.8594239
318.9314553
269.4919035
314.6671075
287.2388761
307.7806057
339.1376675
364.4888639
280.4808209
282.3936006
284.372124
335.9166438
302.9544622
316.7357758
312.0053865
315.3269615
272.9350694
275.3552142
296.9476147
300.492314
350.307158
361.6778646
266.2833071
271.1864883
311.0334531
297.5131121
318.3067678
314.4966953
325.3494415
254.6816006
317.0191667
289.5674972
309.1455846
282.6692292
285.8872311
302.6289168
300.5062144
308.8265172
356.5743172
287.9103831
263.3141528
323.2341992
289.7267098
274.1982127
311.294388
270.7933484
291.2841602
322.2245119
335.6468323
254.3840638
300.9029239
299.1061068
302.7041037
285.4107076
295.9166423
333.7405306
270.9285564
288.2125659
310.7172754
293.5426938
341.1365505
277.7752834
325.5697706
268.4815363
277.912531
305.3190997
330.4718942
290.5785255
300.4257205
276.5366925
312.0585706
266.9834459
348.1650404
286.0065555
245.8318168
330.9785037
350.1603161
256.4748293
256.4632897
304.3067871
334.3637639
298.5088046
243.118517
308.7100635
312.3750128
307.3717901
224.417402
301.7788764
307.4161543
266.6637175
313.9149177
249.9389729
272.1567975
308.5861874
352.4800039
337.5552492
219.6174351
307.3087094
363.8237783
288.2857508
264.3157378
293.8200977
269.4570959
262.6486517
323.2870057
268.2471746
241.49995
309.5173828
235.6259686
268.2649089
286.8981838
238.1289869
319.0485323
275.7871657
231.8632821
334.8126187
274.8326267
255.8728999
308.7117633
266.2416625
227.4900351
289.7362474
345.2302216
217.8872305
265.1319904
341.2240135
241.6612024
245.8813559
282.1848489
276.5428495
307.3573986
259.9840977
269.4514488
306.3025538
289.2471834
235.7987038
253.6798645
321.2032472
281.4017798
258.4615305
267.3756981
263.3666193
278.8930955
291.7310131
247.7832571
259.851666
273.2171194
246.7150407
281.8366021
277.6033413
268.2408665
261.8672446
243.9991156
238.2382072
315.5271388
261.1787776
203.2879645
249.6266669
251.0073215
266.2314638
320.6862123
259.8920074
224.3355294
283.2567671
295.0133611
209.7622511
238.1063421
269.0579312
251.5028447
299.0503163
273.0764155
216.1174399
241.1938388
304.736189
242.1501153
266.3748496
241.9751515
234.5208292
280.6890627
261.9668138
264.3097131
243.3944099
253.8108985
286.6278624
229.6371765
234.5829655
300.6079745
284.2816391
231.1902264
239.0553474
247.0463842
257.4784163
292.0527812
267.6835847
219.05071
241.3463089
248.2724533
272.8728953
264.8573439
216.631774
249.3782915
284.9921088
293.9576664
249.2692979
199.5746472
245.0511652
250.2819316
224.8753601
269.8892173
280.4194211
210.2347707
214.2432263
291.3632566
260.1562097
209.5453972
230.1148709
216.395977
203.2369901
207.1820061
195.0558991
176.9159378
155.442975
154.8308092
146.842001
137.8470372
131.6373684
128.7136926
126.6695389
124.6536015
122.3705345
121.2290009
119.3435688
117.9470307
116.8543564
115.6003353
114.3760792
112.4768222
111.5732766
110.8474145
109.4764675
108.4254
107.1490174
105.8947507
105.0463913
103.9828965
102.6451707
101.5231847
99.98690591
99.29554931
98.15222158
97.14247756
96.21192434
95.29614031
94.34452872
93.56742773
92.43393983
91.28079116
90.75289659
89.43762682
88.59876721
87.75072879
86.38826184
85.54615376
84.75122398
83.61025706
82.86418647
81.7834106
80.9431345
80.25491305
79.53624667
78.69030464
77.46278122
76.40332812
75.52979303
74.67831728
73.91230262
73.32042084
72.17184269
71.25063825
69.83364617
68.8473591
68.57071069
67.78131464
66.97968018
66.45612949
65.38662881
65.0569662
64.58843168
63.7964293
62.5148718
61.74687407
61.06386527
60.43224644
59.7380191
59.04940102
58.20245802
57.58439965
56.87948259
56.33868859
55.61150443
55.00762976
54.15554965
53.55900292
53.03802079
51.95652723
51.408122
50.94219381
50.26942145
49.84109614
49.49188607
48.5075443
48.03358938
47.39422711
46.30128837
45.85896822
45.14224714
44.42467617
43.7201935
43.09072772
42.65445122
42.20950585
41.79158696
41.54732878
40.78545025
40.36813573
40.01990776
39.73045435
39.34624773
39.0084073
38.79374415
38.372709
37.87248305
37.14731974
36.49067639
36.04523998
35.36311884
34.77947153
34.37722838
33.96733622
33.59699224
33.15654184
32.62894946
32.2882194
31.85589016
31.40669535
31.02643599
30.67375083
29.90216467
29.71747429
29.40613151
28.96358472
28.48118756
28.07550707
27.4499319
27.14119545
26.6276168
26.20399421
26.0027782
25.68136896
25.25914396
25.16854576
24.93306977
24.50363016
24.32876072
23.89499611
23.47286555
23.135875
22.75791979
22.57139742
22.0717003
21.92712469
21.65244047
21.18205508
20.86121243
20.44673087
20.2144215];