function [] = FROGSthrust
% FROGS
% ver1.7 (190328created)
%
% Thrust data
% LARKSPUR XP
% !!!EXAMPLE!!!
% thrust=[value_1st
%         value_2nd
%         ...
%         value_nth];
% !!!DO NOT FORGET "[];"!!! 
% 
%%%%%%%%%%%%%%%%%%%%%%%%%%%%%%%%%%%%%%%%%%%%%%%%%%%%%%%%%%%%
global thrust mm0
mm0 = 2.476;    %点火時下段エンジン質量[kg]

thrust=[
145.0280351
426.0014519
808.8100004
409.2944038
311.9801353
292.5148944
318.7978716
350.3587369
309.0294708
268.9510529
307.984107
290.8382328
275.7743229
297.7082089
362.2982082
384.1428181
347.9892078
303.7712058
376.103262
394.1475825
300.3649628
375.6134236
388.4723996
301.4606779
305.5289657
397.8167812
385.7510541
313.6572502
387.3788754
408.9931275
365.5380995
325.9862163
345.7195312
342.9399778
378.7064352
313.2737612
380.5923773
401.3414043
338.1245239
328.9448887
342.1326774
314.0629118
390.4209502
395.8676829
342.1659741
326.1528135
352.4735447
295.8419276
313.9239076
323.6938571
319.7774918
376.0955753
399.2907914
389.1197131
285.0906959
362.798132
336.9502225
297.086751
352.8231892
305.8399119
348.0382181
334.552477
364.2405263
349.1732924
371.3781987
304.1695961
360.5353301
336.5982361
380.7051292
411.1786839
419.3077616
406.3518983
370.059095
336.9460486
316.3840538
386.5951075
337.7384853
291.5613564
359.9317198
403.8915065
371.5226421
339.0799695
332.8586099
368.4662325
335.5926282
403.6944455
390.5508322
311.7765585
341.7848082
396.3411657
328.6099001
314.0563582
359.1685381
321.0452244
349.828897
425.6869739
398.3007082
301.5302366
413.4134395
423.8373693
379.0428024
266.703058
341.4451736
337.9938299
370.5248343
335.1638874
300.4037556
404.4284477
388.7877652
320.0520816
382.0739798
417.8505414
392.4666337
336.4089752
374.463089
415.4748176
337.454169
306.4637117
393.5243304
431.6887787
418.2170704
411.4714236
399.1367726
281.3258186
364.9961345
425.6876161
422.6004782
408.4074971
413.5369945
420.2645292
413.0386949
411.0047399
395.9998879
363.5100559
313.2331743
336.441932
413.0818882
416.7175068
396.347096
379.4159794
323.2365601
358.9199172
382.3286822
319.9481684
399.9266786
399.6681045
352.4674633
305.2995334
390.7206023
402.1334445
386.7456512
365.5423489
304.3145494
404.2131235
408.4624378
396.0786821
402.5318725
394.2409193
393.7968616
402.7503319
394.0355482
394.5411757
394.762468
396.0539598
393.8067392
391.2246433
394.8144623
393.3676486
396.0959065
385.6425138
389.3908844
386.203573
382.5223814
376.9729443
374.8008162
320.8963238
321.341798
364.9883533
312.1381581
356.6187003
348.7611717
313.3920469
344.4994679
395.9493856
398.1739614
374.7944325
390.1875329
383.8272447
380.4386606
385.1134672
377.2620955
388.6711793
381.8108352
384.2515095
380.9688782
373.7449515
387.1779427
376.60515
383.8045999
380.382719
376.0863398
380.2032224
374.4061842
368.2214266
374.58366
366.9808715
382.2897195
373.7838764
374.9949686
379.1316253
376.4368908
366.1787082
370.7204788
374.8465402
369.7126801
373.7366415
364.3786994
366.2504389
369.7479599
373.7797781
368.0451407
371.4273978
371.0440789
371.2822367
370.5566957
370.9585422
367.1390454
367.6407444
368.9203378
366.554907
370.4942383
370.7231796
366.3798487
367.4034365
361.5059036
365.7235264
364.4495046
364.3590197
361.5292473
367.2564812
364.2832852
359.2998743
362.6664369
362.6934445
363.8947913
365.7205235
361.2590769
363.6069055
355.7095265
360.7560746
361.2694078
363.7446442
361.4204803
355.3908936
355.0566038
355.137381
350.3697665
348.6881189
360.5845292
351.2626036
351.3764132
354.1317354
350.4852759
355.6968537
352.9585671
354.6388926
352.5683924
354.130961
352.3045867
349.4741721
352.6441269
347.2741109
345.0141798
352.6732309
350.5994066
353.8467958
350.2100062
349.9438209
350.243133
351.2249251
351.3123693
349.7986976
347.6505552
346.6163722
346.105872
347.3589676
351.3612474
346.3913026
349.4193448
341.7958379
346.8167949
345.9456395
347.5251493
343.0454962
346.1083272
344.8579323
345.6753936
342.9947862
347.1604713
340.9396028
343.2290912
341.3465675
338.8541822
340.5846324
335.3500509
340.1007432
338.8353147
338.3110652
340.3606015
335.0286039
337.1111726
338.1409929
335.597482
336.661449
336.1171988
336.2686302
335.9045942
327.1041607
331.5257191
335.4224426
329.1396455
329.8062231
332.5035828
330.1131276
325.4930539
331.2211566
326.9703314
325.4558287
322.4177578
329.8575942
321.8075184
323.3685951
326.2981446
324.1786907
323.2335005
325.3845702
321.6372006
322.5497173
321.579427
320.1557114
321.476836
321.035309
317.4677949
318.7089732
317.7581171
317.0639841
312.2334023
315.3642811
315.1364541
310.2469089
314.4282886
313.6608008
312.4491986
311.7213535
310.6406154
312.2164045
310.6659043
311.820545
307.3120901
308.9696008
307.9997827
308.7208666
308.2327657
306.2840073
305.2161498
305.6236245
305.2348662
301.7416513
306.5995429
300.4900854
298.9258548
304.2947376
295.1445274
293.7421911
302.2134532
290.5063982
288.9365394
304.4015403
292.4377055
280.7924659
302.423338
293.1705934
284.5244997
294.7651745
286.3915176
281.4682789
288.4954657
287.8425241
279.9262209
291.8047835
292.6138215
286.9895941
293.6855885
287.6013256
289.1109744
285.0733393
262.5453051
248.5790934
222.1915986
194.4646028
181.2020239
182.1288942
178.8914204
165.9655487
163.1516031
155.7510882
151.7037266
145.0904359
137.6485409
131.3481794
126.9406158
123.5756964
120.3977148
117.8573957
115.1464189
112.4761989
110.6367552
108.3592408
106.1738922
104.3942429
102.1034513
100.5819984
98.91045503
97.10848199
95.06279848
92.99256261
91.54359581
90.08864201
88.49423083
86.75990898
85.06925255
83.53061299
82.22960247
81.00221125
79.75166527
78.5569098
77.2540673
75.89041049
74.10305555
72.90259638
71.80200864
70.90127709
69.82673374
68.77970791
67.57065541
66.26958823
65.237596
64.23500994
63.26113125
61.94867556
60.77033239
59.63008316
58.55767397
57.58830914
56.52777951
55.4138013
54.28558271
53.62587976
52.52278013
51.75959844
50.97911678
49.89975738
49.17113786
48.51666645
47.70921497
46.88627661
46.08222469
45.44592202
44.89175644
44.11282346
43.6098401
42.65539554
42.1238559
41.5765272
40.79370362
40.15447356
39.58550101
39.02353533
38.16875446
37.65617679
36.97088273
36.39563989
36.00452084
35.3983798
34.98739223
34.62018339
34.0685297
33.61992036
32.98091694
32.45557204
32.05925923
31.56360379
30.89035928
30.29037521
29.82507027
29.28429516
28.68508544
28.24261419
27.71166003
27.23015053
26.81483797
26.3666819
25.67851711
25.31410347
24.89510805
24.52659605
24.0866367
23.36453299
23.05472002
22.80020651
22.12913393
21.98338736
21.54199263
21.11177868
20.88179864
20.56671635
20.25223843
20.0276599
19.48184212
19.24646056
18.90265201
18.51230731
18.32924116
18.04245074
17.69662134
17.4804284
17.22523497
16.98095791
16.94416714
16.80663617
16.5505362
16.45999466
16.26225375
16.00930782
15.81738393
15.70514188
15.44981969];